
[0, 0, 0, 0, 0, 1, 1, 0] 3 [0 1 1 0 0]
0           3
[0, 0, 1, 0, 1, 0, 0, 1] -2 [1 0 1 0 0]
2           -4
[0, 0, 1, 0, 0, 1, 0, 0] 3 [0 1 1 0 0]
2           1
[0, 0, 0, 1, 1, 0, 1, 1] -2 [1 0 1 0 0]
4           -6
[1, 1, 1, 1, 0, 0, 0, 0] -7 [1 1 1 1 0]
-7           0
[0, 1, 1, 1, 0, 1, 1, 1] 14 [0 0 1 1 1]
7           7
[0, 0, 1, 1, 1, 0, 1, 1] 0 [0 0 0 0 0]
6           -6
[1, 1, 1, 1, 1, 1, 0, 1] -12 [1 0 0 1 1]
-7           -5
[1, 1, 0, 0, 1, 1, 0, 1] -6 [1 0 1 1 0]
-1           -5
[1, 0, 1, 0, 1, 0, 1, 0] -4 [1 0 0 1 0]
-2           -2
[1, 0, 0, 1, 0, 0, 0, 1] 0 [0 0 0 0 0]
-4           4
[1, 0, 1, 1, 0, 1, 1, 0] -3 [1 1 1 0 0]
-6           3
[1, 0, 1, 1, 1, 1, 1, 1] -13 [1 1 0 1 1]
-6           -7
[1, 0, 0, 1, 0, 1, 0, 1] 1 [0 1 0 0 0]
-4           5
[0, 0, 1, 1, 1, 1, 0, 1] 1 [0 1 0 0 0]
6           -5
[1, 0, 1, 1, 1, 1, 0, 1] -11 [1 1 1 0 1]
-6           -5
[1, 0, 0, 1, 1, 0, 1, 1] -10 [1 0 1 0 1]
-4           -6
[1, 1, 0, 0, 0, 1, 1, 1] 6 [0 0 1 1 0]
-1           7
[1, 0, 0, 1, 1, 1, 0, 0] -5 [1 1 0 1 0]
-4           -1
[1, 0, 0, 1, 0, 1, 1, 1] 3 [0 1 1 0 0]
-4           7